"Zone" "Area_km2" "Xcent" "Ycent" "Anubis_Baboon" "Burchells_Zebra" "Cattle" "Cutter_of_grass" "Grants_Gazelle" "Greater_Kudu" "Pastoralist" "Swaynes_Hartebeest" "Burchells_ZebraBio" "Burchells_ZebraMetBio" "Burchells_ZebraTLU" "CattleBio" "CattleMetBio" "CattleTLU" "Grants_GazelleBio" "Grants_GazelleMetBio" "Grants_GazelleTLU" "Greater_KuduBio" "Greater_KuduMetBio" "Greater_KuduTLU" "Swaynes_HartebeestBio" "Swaynes_HartebeestMetBio" "Swaynes_HartebeestTLU"
"1" "A1" 1.272156 350192.4 658786.6 0 0 0 0 0 0 0 0 0 0 0 0 0 0 0 0 0 0 0 0 0 0 0
"2" "A2" 0.318745 349906 656690.8 0 0 0 0 0 0 0 0 0 0 0 0 0 0 0 0 0 0 0 0 0 0 0
"3" "A3" 1.556994 350125.6 654726.8 0 0 0 0 0 0 0 0 0 0 0 0 0 0 0 0 0 0 0 0 0 0 0
"4" "A4" 0.750255 349900.6 652309.3 0 0 0 0 0 0 0 0 0 0 0 0 0 0 0 0 0 0 0 0 0 0 0
"5" "B1" 1.439923 350402.9 657978.2 0 0 0 0 0 0 0 0 0 0 0 0 0 0 0 0 0 0 0 0 0 0 0
"6" "B2" 1.150228 350491.3 656769.6 0 0 0 0 0 0 0 0 0 0 0 0 0 0 0 0 0 0 0 0 0 0 0
"7" "B3" 2.135721 350740.4 654709.1 0 0 0 0 0 0 0 0 0 0 0 0 0 0 0 0 0 0 0 0 0 0 0
"8" "B4" 0.785944 350424.4 652166.5 0 0 0 0 0 0 0 0 0 0 0 0 0 0 0 0 0 0 0 0 0 0 0
"9" "C1" 1.578452 351248.5 658121.1 0 0 0 0 0 0 0 0 0 0 0 0 0 0 0 0 0 0 0 0 0 0 0
"10" "C2" 2.332275 351889.1 656673.6 0 0 0 0 0 0 0 0 0 0 0 0 0 0 0 0 0 0 0 0 0 0 0
"11" "C3" 1.897253 351894.8 655047.6 0 0 0 0 0 0 0 0 0 0 0 0 0 0 0 0 0 0 0 0 0 0 0
"12" "C4" 1.341102 351084.4 653425 0 0 0 0 0 0 0 0 0 0 0 0 0 0 0 0 0 0 0 0 0 0 0
"13" "D1" 7.884861 352336.7 659872.6 0 0 0 0 0 0 0 0 0 0 0 0 0 0 0 0 0 0 0 0 0 0 0
"14" "D2" 11.87988 354088.2 656557.8 0 0 0 0 0 0 0 0 0 0 0 0 0 0 0 0 0 0 0 0 0 0 0
"15" "D3" 3.065588 353050 654286.6 0 0 0 0 0 0 0 0 0 0 0 0 0 0 0 0 0 0 0 0 0 0 0
"16" "D4" 3.504823 351679.9 652466.5 0 0 0 0 0 0 0 0 0 0 0 0 0 0 0 0 0 0 0 0 0 0 0
"17" "S1" 1.607907 350256.7 650509.6 0 0 0 0 0 0 0 0 0 0 0 0 0 0 0 0 0 0 0 0 0 0 0
"18" "A1-25.3.2012" 0 0 0 0 0 0 0 0 0.196516779388691 0 0 0 0 0 0 0 0 0 0 0 39.3033558777382 15.6972012148131 0.249670492994149 0 0 0
"19" "A1-26.10.2012" 0 0 0 0 0.786067117554765 0 0 0 0 0 0 169.790497391829 47.036504022665 0.748135096655182 0 0 0 0 0 0 0 0 0 0 0 0
"20" "A1-8.2.2013" 0 0 0 0 0.589550338166074 0 0 0.196516779388691 0.196516779388691 0 0 127.342873043872 37.9080096906396 0.602942609855668 0 0 0 9.82583896943455 5.54979871232204 0.0882718493291757 39.3033558777382 15.6972012148131 0.249670492994149 0 0 0
"21" "A1-9.2.2013" 0 0 0 0 9.62932219004587 0 0 0.196516779388691 0.589550338166074 0 0 2079.93359304991 307.990344767746 4.89871411873322 0 0 0 9.82583896943455 5.54979871232204 0.0882718493291757 117.910067633215 35.7818809436057 0.569125650693543 0 0 0
"22" "A3-25.3.2012" 0 0 0 0 4.65640843831126 0 0 0.963394849305778 0 0 0 1005.78422267523 178.598831872439 2.84068846360278 0 0 0 48.1697424652889 18.2844012508568 0.290820982156761 0 0 0 0 0 0
"23" "A3-26.10.2012" 0 0 0 0 0 0 0 0 0 0 0 0 0 0 0 0 0 0 0 0 0 0 0 0 0 0
"24" "A3-8.2.2013" 0 0 0 0 4.335276821876 0 0 0.321131616435259 2.40848712326444 0 0 936.419793525216 169.278943069188 2.69245176839099 0 0 0 16.0565808217629 8.02120844288287 0.127580645679278 481.697424652888 102.820744297189 1.63540656499191 0 0 0
"25" "A3-9.2.2013" 0 0 0 0 2.24792131504681 0 0 0.481697424652889 0 0 0 485.551004050111 103.437053885715 1.64520922450418 0 0 0 24.0848712326444 10.8719700305418 0.17292319058645 0 0 0 0 0 0
"26" "A4-26.10.2012" 0 0 0 0 0 0 0 0 0.333220038520236 0 0 0 0 0 0 0 0 0 0 0 66.6440077040472 23.3249557995567 0.370993091943454 0 0 0
"27" "A4-8.2.2013" 0 0 0 0 1.66610019260118 0 0 0 0 0 0 359.877641601855 82.6258897732506 1.31419903149998 0 0 0 0 0 0 0 0 0 0 0 0
"28" "A4-9.2.2013" 0 0 0 0 10.3298211941273 0 0 1.99932023112142 0 0 0 2231.2413779315 324.645895479756 5.16362755778835 0 0 0 99.966011556071 31.6147151918858 0.502845151808276 0 0 0 0 0 0
"29" "B1-25.3.2012" 0 0 0 0 1.04172236987672 0 0 0.173620394979454 0 0 0 225.012031893371 58.0970801436698 0.92405814530188 0 0 0 8.6810197489727 5.05740877980494 0.080440183319767 0 0 0 0 0 0
"30" "B1-8.2.2013" 0 0 0 0 3.99326908452744 0 0 0 1.38896315983563 0 0 862.546122257927 159.161031576496 2.53152219146311 0 0 0 0 0 0 277.792631967126 68.0441106145701 1.0822697887351 0 0 0
"31" "B1-9.2.2013" 0 0 0 0 0.694481579917815 0 0 0 0 0 0 150.008021262248 42.86332545492 0.68175896143827 0 0 0 0 0 0 0 0 0 0 0 0
"32" "B2-25.3.2012" 0 0 0 0 0.434696425404355 0 0 0.217348212702177 0 0 0 93.8944278873407 30.1633702518585 0.479760908845317 0 0 0 10.8674106351089 5.9854190037246 0.0952005706613644 0 0 0 0 0 0
"33" "B2-26.10.2012" 0 0 0 0 0 0 0 0 0 0 0 0 0 0 0 0 0 0 0 0 0 0 0 0 0 0
"34" "B2-8.2.2013" 0 0 0 0 2.17348212702177 0 0 0 0 0 0 469.472139436702 100.857307106723 1.60417728248491 0 0 0 0 0 0 0 0 0 0 0 0
"35" "B2-9.2.2013" 0 0 0 0 2.82552676512831 0 0 0 0 0 0 610.313781267715 122.790532437223 1.95303432434089 0 0 0 0 0 0 0 0 0 0 0 0
"36" "B3-25.3.2012" 0 0 0 0 1.75584732275424 0 0 0.117056488183616 0 0 0 379.263021714916 85.9419840733741 1.36694288611437 0 0 0 5.8528244091808 3.76291251381843 0.0598506835430208 0 0 0 0 0 0
"37" "B3-26.10.2012" 0 0 0 0 0 0 0 0 0.117056488183616 0 0 0 0 0 0 0 0 0 0 0 23.4112976367232 10.6431238221309 0.16928329676768 0 0 0
"38" "B3-8.2.2013" 0 0 0 0 5.61871143281356 0 0 0 0.468225952734463 0 0 1213.64166948773 205.621185823765 3.27049020600022 0 0 0 0 0 0 93.6451905468926 30.1033001105474 0.478805468344165 0 0 0
"39" "B3-9.2.2013" 0 0 0 0 5.85282440918079 0 0 0.234112976367231 0 0 0 1264.21007238305 212.013948655513 3.372169749121 0 0 0 11.7056488183615 6.32843928756651 0.100656450483621 0 0 0 0 0 0
"40" "B4-25.3.2012" 0 0 0 0 4.77133230866321 0 0 0 0 0 0 1030.60777867125 181.894707179658 2.89311072675272 0 0 0 0 0 0 0 0 0 0 0 0
"41" "B4-26.10.2012" 0 0 0 0 0 0 0 1.59044410288774 0 0 0 0 0 0 0 0 0 79.522205144387 26.6297022693103 0.42355645461128 0 0 0 0 0 0
"42" "B4-8.2.2013" 0 0 0 0 7.95222051443869 0 0 0 0 0 0 1717.67963111876 266.812777749024 4.24376784409656 0 0 0 0 0 0 0 0 0 0 0 0
"43" "B4-9.2.2013" 0 0 0 0 31.4907932371772 0 0 1.59044410288774 0 0 0 6802.01133923028 748.993439492614 11.9130511693406 0 0 0 79.522205144387 26.6297022693103 0.42355645461128 0 0 0 0 0 0
"44" "C1-25.3.2012" 0 0 0 0 0.633532093468791 0 0 0 0 0 0 136.842932189259 40.0098366771385 0.636373039441571 0 0 0 0 0 0 0 0 0 0 0 0
"45" "C1-26.10.2012" 0 0 0 0 10.4532795422351 0 0 1.10868116357038 0.791915116835989 0 0 2257.90838112278 327.551608704132 5.2098441312591 0 0 0 55.434058178519 20.3157333975292 0.323130162089804 158.383023367198 44.6458886440932 0.710111367968812 0 0 0
"46" "C1-9.2.2013" 0 0 0 0.791915116835989 3.48442651407835 0 0 0.158383023367198 0 0 0 752.636127040924 143.694053372097 2.28551349089438 0 0 0 7.9191511683599 4.72072796830316 0.075085135433269 0 0 0 0 0 0
"47" "C2-25.3.2012" 0 0 0 0 0 0 0.107191476133818 0.214382952267636 0 0 0 0 0 0 0 0 0 10.7191476133818 5.92407009731531 0.0942247908711808 0 0 0 0 0 0
"48" "C2-26.10.2012" 0 0 0 0 3.96608461695126 0 0 0 0 0 0 856.674277261472 158.347712947471 2.51858602148662 0 0 0 0 0 0 0 0 0 0 0 0
"49" "C2-9.2.2013" 0 0 0 0 0.535957380669089 0 0 0.107191476133818 0 0 0 115.766794224523 35.2929536147554 0.561349058830964 0 0 0 5.3595738066909 3.52247315475111 0.0560263958568258 0 0 0 0 0 0
"50" "C3-25.3.2012" 0 0 0 0 0 2.63538916528265 0 0 0 0 0 0 0 0 658.847291320663 130.043477235995 2.06839541825742 0 0 0 0 0 0 0 0 0
"51" "C3-26.10.2012" 0 0 0 0 0.52707783305653 0 0 0.131769458264132 0 0 0 113.84881194021 34.8534984413809 0.554359342111165 0 0 0 6.5884729132066 4.11233582914002 0.0654084062355007 0 0 0 0 0 0
"52" "C3-9.2.2013" 0 0 0 0 0 0 0 0.658847291320662 0 0 0 0 0 0 0 0 0 32.9423645660331 13.7504235827228 0.218706187669753 0 0 0 0 0 0
"53" "C4-25.3.2012" 0 0 0 3.16903561399506 1.49131087717414 0 0 0 0 0 0 322.123149469614 76.0355081098126 1.20937627893327 0 0 0 0 0 0 0 0 0 0 0 0
"54" "C4-26.10.2012" 0 0 0 0 0.745655438587072 0 0 0 0 0 0.745655438587072 161.061574734808 45.2109836185182 0.719099437811484 0 0 0 0 0 0 0 0 0 127.507079998389 37.9446651932406 0.603525630821003
"55" "C4-9.2.2013" 0 0 0 0 0 0 0 0.745655438587072 0 0 0 0 0 0 0 0 0 37.2827719293536 15.0879815948382 0.239980602371016 0 0 0 0 0 0
"56" "D1-25.3.2012" 0 0 0 0 0.507301270117507 0 0 0.0317063293823442 0 0 0 109.577074345382 33.8680175075447 0.538684859302405 0 0 0 1.58531646911721 1.41282046946604 0.0224714952873853 0 0 0 0 0 0
"57" "D1-26.10.2012" 0 0 0 0 1.52190381035252 0 0 0.0317063293823442 0 0 0 328.731223036144 77.202384913516 1.22793593825452 0 0 0 1.58531646911721 1.41282046946604 0.0224714952873853 0 0 0 0 0 0
"58" "D2-25.3.2012" 0 0 0 0 0 0 0 0.021043983609262 0 0 0 0 0 0 0 0 0 1.0521991804631 1.03889933768256 0.0165241246678883 0 0 0 0 0 0
"59" "D2-26.10.2012" 0 0 0 0 1.97813445927063 0 0 0.315659754138931 0.10521991804631 0 0 427.277043202456 93.9792921731238 1.49477960351063 0 0 0 15.7829877069465 7.91848163268972 0.125946733175153 21.043983609262 9.82530331212236 0.156275522507777 0 0 0
"60" "D2-9.2.2013" 0 0 0 0 0.526099590231551 0 0 0.0631319508277861 0 0 0 113.637511490015 34.8049717835523 0.553587505500446 0 0 0 3.1565975413893 2.36817837171304 0.0376668587904519 0 0 0 0 0 0
"61" "D3-25.3.2012" 0 0 0 0 0.570852965238643 4.89302541633122 0 0 0 0.407752118027602 0 123.304240491547 37.0027080656123 0.588543412193879 1223.25635408281 206.841705590854 3.28990307889317 0 0 0 0 0 0 0 0 0
"62" "D3-26.10.2012" 0 0 0 0 15.0052779434157 0 0 1.46790762489937 0 0 0 3241.14003577779 429.559518185854 6.83232222152975 0 0 0 73.3953812449685 25.0756123896047 0.398838010787221 0 0 0 0 0 0
"63" "D3-9.2.2013" 0 0 0 0 0 0 0 0.407752118027602 0 0 0 0 0 0 0 0 0 20.3876059013801 9.59455137046069 0.152605317211584 0 0 0 0 0 0
"64" "D4-25.3.2012" 0 0 0 0 0.927293617965872 7.27568838711684 0 0.0713302783050671 0 0 0 200.295421480628 53.2418658044781 0.846833948384896 1818.92209677921 278.522685642635 4.43001878378349 3.56651391525335 2.59527236387546 0.0412788828833645 0 0 0 0 0 0
"65" "D4-26.10.2012" 0 0 0 0 2.63922029728748 0 0 0.570642226440536 0 0 0 570.071584214096 116.666735342229 1.85563279276975 0 0 0 28.5321113220268 12.3452654419625 0.196356564897044 0 0 0 0 0 0
"66" "D4-8.2.2013" 0 0 0 0 0 0 0 0.356651391525335 0 0 0 0 0 0 0 0 0 17.8325695762667 8.67781616057478 0.138024263642536 0 0 0 0 0 0
"67" "D4-9.2.2013" 0 0 0 0 0.356651391525335 0 0 1.14128445288107 0 0 0 77.0367005694724 26.0029879950597 0.41358830425904 0 0 0 57.0642226440535 20.7621789110037 0.330231063066916 0 0 0 0 0 0
"68" "S1-25.3.2012" 0 0 0 0 1.39933466301223 0 0 0 0 0 0 302.256287210642 72.4905688069842 1.15299254967737 0 0 0 0 0 0 0 0 0 0 0 0
"69" "S1-26.10.2012" 0 0 0 7.15215494428471 2.64318769680087 0 0 0.777408146117904 0 0 0 570.928542508988 116.798244815642 1.85772450546496 0 0 0 38.8704073058952 15.5673366953655 0.247604943973708 0 0 0 0 0 0
